t,v_x,v_y,sigma_vx,sigma_vy,distance,status,flow_quality,h
90763.178933,-5.66186348,-1.54491306,10.2330024,10.2330024,0,785,0,0.183
90763.188961,-5.66238751,-1.54476196,10.2335256,10.2335256,0.000578618684,785,0,0.183
90763.198990,-5.66266188,-1.54473271,10.234049,10.234049,0.00230335089,785,0,0.183
90763.209018,-5.66302302,-1.5446185,10.2345723,10.2345723,0.00515137828,785,0,0.183
90763.219047,-5.66314623,-1.54503891,10.2350956,10.2350956,0.00910122929,785,0,0.183
90763.229075,-5.66354147,-1.54527814,10.235619,10.235619,0.0141305267,785,0,0.183
90763.239104,-5.66394083,-1.54545611,10.2361423,10.2361423,0.0202191243,785,0,0.183
90763.249132,-5.66435633,-1.54561984,10.2366657,10.2366657,0.0273450787,785,0,0.183
90763.259161,-5.66474327,-1.54563035,10.237189,10.237189,0.0354894797,785,0,0.183
90763.269189,-5.66510274,-1.54537066,10.2377124,10.2377124,0.0446307593,785,0,0.183
90763.279218,-5.66553198,-1.54500091,10.2382358,10.2382358,0.0547511793,785,0,0.183
90763.289246,-5.6656874,-1.54433921,10.2387591,10.2387591,0.0658295185,785,0,0.183
90763.299275,-5.66624448,-1.54360177,10.2392825,10.2392825,0.0778491601,785,0,0.183
90763.309303,-5.6667201,-1.54250804,10.2398059,10.2398059,0.0907892738,785,0,0.183
90763.319332,-5.66696892,-1.54302799,10.2403295,10.2403295,0.104634369,785,0,0.183
90763.329360,-5.66775898,-1.54335863,10.2408529,10.2408529,0.11936404,785,0,0.183
90763.339389,-5.66832249,-1.54457349,10.2413764,10.2413764,0.13496397,785,0,0.183
90763.349417,-5.6686154,-1.54531794,10.2418998,10.2418998,0.1514141,785,0,0.183
90763.359446,-5.66843033,-1.54603599,10.2424232,10.2424232,0.168701009,785,0,0.183
90763.369475,-5.66883408,-1.546197,10.2429467,10.2429467,0.18680672,785,0,0.183
90763.379504,-5.66871482,-1.54582612,10.2434701,10.2434701,0.205715154,785,0,0.183
90763.389532,-5.6697153,-1.54517983,10.2439936,10.2439936,0.225408581,785,0,0.183
90763.399561,-5.66997765,-1.54427099,10.244517,10.244517,0.245875535,785,0,0.183
90763.409589,-5.67062572,-1.54340684,10.2450405,10.2450405,0.267096807,785,0,0.183
90763.419618,-5.67116569,-1.54253546,10.245564,10.245564,0.289061822,785,0,0.183
90763.429646,-5.67109963,-1.54168672,10.2460874,10.2460874,0.31175162,785,0,0.183
90763.439675,-5.67166592,-1.54115687,10.2466109,10.2466109,0.335156443,785,0,0.183
90763.449703,-5.67160766,-1.54118,10.2471344,10.2471344,0.359257645,785,0,0.183
90763.459732,-5.67225397,-1.54163054,10.2476579,10.2476579,0.384046361,785,0,0.183
90763.469760,-5.67240591,-1.54265036,10.2481814,10.2481814,0.409504292,785,0,0.183
90763.479789,-5.6728952,-1.54361762,10.2487049,10.2487049,0.435623419,785,0,0.183
90763.489817,-5.67295611,-1.54452005,10.2492284,10.2492284,0.462385686,785,0,0.183
90763.499846,-5.67308022,-1.54490709,10.2497519,10.2497519,0.489783782,785,0,0.183
90763.509874,-5.67346092,-1.54509528,10.2502754,10.2502754,0.517799858,785,0,0.183
90763.519903,-5.67320804,-1.54455317,10.250799,10.250799,0.546427298,785,0,0.183
90763.529931,-5.67385824,-1.54371889,10.2513225,10.2513225,0.575648431,785,0,0.183
90763.539960,-5.67429125,-1.54291482,10.2518461,10.2518461,0.605457415,785,0,0.183
90763.549988,-5.67467417,-1.54210946,10.2523696,10.2523696,0.63583684,785,0,0.183
90763.560017,-5.67546259,-1.54155333,10.2528932,10.2528932,0.666781566,785,0,0.183
90763.570045,-5.67535732,-1.54116433,10.2534167,10.2534167,0.698274408,785,0,0.183
90763.580074,-5.67584151,-1.54118307,10.2539403,10.2539403,0.730310833,785,0,0.183
90763.590102,-5.6759649,-1.54147654,10.2544639,10.2544639,0.762873894,785,0,0.183
90763.600131,-5.67644552,-1.54170363,10.2549875,10.2549875,0.795959737,785,0,0.183
90763.610159,-5.67681012,-1.54222256,10.255511,10.255511,0.829551649,785,0,0.183
90763.620188,-5.67712637,-1.54264966,10.2560347,10.2560347,0.863646403,785,0,0.183
90763.630216,-5.67746434,-1.5429543,10.2565582,10.2565582,0.898227461,785,0,0.183
90763.640245,-5.67771674,-1.54297027,10.2570819,10.2570819,0.933292153,785,0,0.183
90763.650273,-5.67808339,-1.54271604,10.2576055,10.2576055,0.968824099,785,0,0.183
90763.660302,-5.67844832,-1.5424822,10.2581291,10.2581291,1.00482119,785,0,0.183
90763.670330,-5.67893932,-1.54214531,10.2586527,10.2586527,1.04126723,785,0,0.183
90763.680359,-5.67931484,-1.54197137,10.2591764,10.2591764,1.07816066,785,0,0.183
90763.690388,-5.67985312,-1.54151092,10.2597,10.2597,1.11548922,785,0,0.183
90763.700416,-5.68007418,-1.54112997,10.2602237,10.2602237,1.15324061,785,0,0.183
90763.710445,-5.6805211,-1.54087359,10.2607474,10.2607474,1.19141402,785,0,0.183
90763.720473,-5.68060982,-1.5407865,10.261271,10.261271,1.22999366,785,0,0.183
90763.730502,-5.68102408,-1.54062843,10.2617947,10.2617947,1.2689792,785,0,0.183
90763.740530,-5.68130712,-1.540683,10.2623183,10.2623183,1.30835502,785,0,0.183
90763.750559,-5.68157699,-1.54077125,10.262842,10.262842,1.34812129,785,0,0.183
90763.760587,-5.68195657,-1.54101233,10.2633657,10.2633657,1.38826254,785,0,0.183
90763.770616,-5.6821451,-1.54110502,10.2638894,10.2638894,1.4287794,785,0,0.183
90763.780644,-5.68251433,-1.54117252,10.2644131,10.2644131,1.46965652,785,0,0.183
90763.790673,-5.68275661,-1.54112298,10.2649368,10.2649368,1.51089497,785,0,0.183
90763.800701,-5.68319963,-1.54097186,10.2654605,10.2654605,1.55247954,785,0,0.183
90763.810730,-5.6833438,-1.54087222,10.2659843,10.2659843,1.59441171,785,0,0.183
90763.820758,-5.68361096,-1.5408082,10.266508,10.266508,1.63667638,785,0,0.183
90763.830787,-5.68380535,-1.54073647,10.2670317,10.2670317,1.67927541,785,0,0.183
90763.840815,-5.68405633,-1.54078938,10.2675555,10.2675555,1.72219385,785,0,0.183
90763.850844,-5.68442953,-1.5406129,10.2680792,10.2680792,1.76543396,785,0,0.183
90763.860872,-5.68455795,-1.5403915,10.268603,10.268603,1.8089809,785,0,0.183
90763.870901,-5.68503847,-1.54026911,10.2691268,10.2691268,1.8528373,785,0,0.183
90763.880929,-5.68546061,-1.54019021,10.2696505,10.2696505,1.89698849,785,0,0.183
90763.890958,-5.68568359,-1.54013645,10.2701743,10.2701743,1.94143745,785,0,0.183
90763.900986,-5.68586627,-1.5402793,10.2706981,10.2706981,1.98616959,785,0,0.183
90763.911015,-5.68618406,-1.54012968,10.2712219,10.2712219,2.03118822,785,0,0.183
90763.921043,-5.68655552,-1.53960616,10.2717456,10.2717456,2.07647887,785,0,0.183
90763.931072,-5.68666069,-1.53974847,10.2722695,10.2722695,2.12204518,785,0,0.183
90763.941100,-5.68727186,-1.53919782,10.2727933,10.2727933,2.16787277,785,0,0.183
90763.951129,-5.68738693,-1.53912951,10.2733171,10.2733171,2.21396561,785,0,0.183
90763.961157,-5.6876253,-1.53948814,10.2738409,10.2738409,2.26030944,785,0,0.183
90763.971186,-5.68794031,-1.53950221,10.2743647,10.2743647,2.30690852,785,0,0.183
90763.981214,-5.68828649,-1.53975943,10.2748886,10.2748886,2.35374871,785,0,0.183
90763.991243,-5.68876867,-1.54023978,10.2754124,10.2754124,2.40083462,785,0,0.183
90764.001271,-5.68895297,-1.54090732,10.2759362,10.2759362,2.4481522,785,0,0.183
90764.011300,-5.68931562,-1.54091105,10.2764601,10.2764601,2.49570632,785,0,0.183
90764.021328,-5.6897816,-1.54073629,10.276984,10.276984,2.54348302,785,0,0.183
90764.031357,-5.69005416,-1.53971395,10.2775079,10.2775079,2.59148738,785,0,0.183
90764.041385,-5.6902924,-1.53861119,10.2780317,10.2780317,2.63970545,785,0,0.183
90764.051414,-5.69074018,-1.53772786,10.2785556,10.2785556,2.68814256,785,0,0.183
90764.061442,-5.69100577,-1.53733307,10.2790795,10.2790795,2.73678487,785,0,0.183
90764.071471,-5.69189441,-1.53723989,10.2796034,10.2796034,2.78563806,785,0,0.183
90764.081499,-5.69218547,-1.5373893,10.2801273,10.2801273,2.83468844,785,0,0.183
90764.091528,-5.69237795,-1.53800294,10.2806512,10.2806512,2.88394189,785,0,0.183
90764.101556,-5.69252716,-1.53885897,10.2811751,10.2811751,2.93338476,785,0,0.183
90764.111585,-5.692633,-1.53997193,10.281699,10.281699,2.98302317,785,0,0.183
90764.121613,-5.69315875,-1.54068042,10.2822229,10.2822229,3.03284357,785,0,0.183
90764.131642,-5.69340676,-1.54104859,10.2827469,10.2827469,3.08285233,785,0,0.183
90764.141670,-5.69400168,-1.54072024,10.2832708,10.2832708,3.13303594,785,0,0.183
90764.151699,-5.69424377,-1.53993929,10.2837948,10.2837948,3.18340095,785,0,0.183
90764.161727,-5.69461887,-1.53920419,10.2843187,10.2843187,3.23393384,785,0,0.183
90764.171756,-5.69497758,-1.53811761,10.2848427,10.2848427,3.28464133,785,0,0.183
90764.181784,-5.69520779,-1.53726769,10.2853667,10.2853667,3.33550997,785,0,0.183
90764.191813,-5.69568258,-1.53668636,10.2858907,10.2858907,3.38654667,785,0,0.183
90764.201841,-5.69574127,-1.53644451,10.2864146,10.2864146,3.43773807,785,0,0.183
90764.211870,-5.69628063,-1.53672833,10.2869386,10.2869386,3.48909131,785,0,0.183
90764.221898,-5.69647433,-1.53735815,10.2874626,10.2874626,3.54059315,785,0,0.183
90764.231927,-5.69664893,-1.53820786,10.2879866,10.2879866,3.59225092,785,0,0.183
90764.241955,-5.69686828,-1.53911664,10.2885106,10.2885106,3.64405143,785,0,0.183
90764.251984,-5.69707104,-1.53959721,10.2890346,10.2890346,3.69600218,785,0,0.183
90764.262012,-5.69736546,-1.53980804,10.2895586,10.2895586,3.74809002,785,0,0.183
90764.272041,-5.69762863,-1.53972099,10.2900827,10.2900827,3.80032261,785,0,0.183
90764.282069,-5.69821329,-1.53925093,10.2906067,10.2906067,3.85268684,785,0,0.183
90764.292098,-5.69855348,-1.53846476,10.2911308,10.2911308,3.90519053,785,0,0.183
90764.302126,-5.6990186,-1.5376304,10.2916548,10.2916548,3.9578206,785,0,0.183
90764.312155,-5.69930353,-1.53682195,10.2921789,10.2921789,4.01058498,785,0,0.183
90764.322183,-5.69955634,-1.53626303,10.2927029,10.2927029,4.06347064,785,0,0.183
90764.332212,-5.69988615,-1.5362009,10.293227,10.293227,4.11648568,785,0,0.183
90764.342240,-5.70025065,-1.53637937,10.293751,10.293751,4.16961714,785,0,0.183
90764.352269,-5.70066836,-1.53692089,10.2942751,10.2942751,4.22287333,785,0,0.183
90764.362297,-5.70086551,-1.53755347,10.2947992,10.2947992,4.27624137,785,0,0.183
90764.372326,-5.70125403,-1.5382348,10.2953233,10.2953233,4.32972968,785,0,0.183
90764.382354,-5.70123664,-1.53871168,10.2958474,10.2958474,4.3833254,785,0,0.183
90764.392383,-5.70159582,-1.5386593,10.2963715,10.2963715,4.43703706,785,0,0.183
90764.402411,-5.7017875,-1.53861272,10.2968956,10.2968956,4.49085181,785,0,0.183
90764.412440,-5.70212831,-1.53824604,10.2974198,10.2974198,4.54477829,785,0,0.183
90764.422468,-5.70253256,-1.53771321,10.2979439,10.2979439,4.59880371,785,0,0.183
90764.432497,-5.70285031,-1.53723612,10.298468,10.298468,4.65293684,785,0,0.183
90764.442525,-5.70326293,-1.53700673,10.2989921,10.2989921,4.70716491,785,0,0.183
90764.452554,-5.70341533,-1.53692812,10.2995163,10.2995163,4.76149682,785,0,0.183
90764.462582,-5.70377905,-1.53697005,10.3000404,10.3000404,4.81591984,785,0,0.183
90764.472611,-5.70391363,-1.53711005,10.3005646,10.3005646,4.87044298,785,0,0.183
90764.482639,-5.70428041,-1.5374809,10.3010888,10.3010888,4.92505357,785,0,0.183
90764.492668,-5.70460357,-1.53764456,10.301613,10.301613,4.97976076,785,0,0.183
90764.502696,-5.70495431,-1.53776927,10.3021371,10.3021371,5.0345519,785,0,0.183
90764.512725,-5.70526945,-1.53774876,10.3026613,10.3026613,5.08943624,785,0,0.183
90764.522753,-5.70545689,-1.53765445,10.3031855,10.3031855,5.14440116,785,0,0.183
90764.532782,-5.70595419,-1.53754279,10.3037097,10.3037097,5.19945598,785,0,0.183
90764.542810,-5.70601139,-1.53729776,10.3042339,10.3042339,5.2545881,785,0,0.183
90764.552839,-5.70639295,-1.5370725,10.3047581,10.3047581,5.30980693,785,0,0.183
90764.562867,-5.70668631,-1.53686703,10.3052823,10.3052823,5.36509991,785,0,0.183
90764.572896,-5.70703056,-1.53693622,10.3058066,10.3058066,5.42047656,785,0,0.183
90764.582924,-5.70751622,-1.5370271,10.3063308,10.3063308,5.47592438,785,0,0.183
90764.592953,-5.70771329,-1.5371664,10.3068551,10.3068551,5.53145299,785,0,0.183
90764.602982,-5.70820948,-1.53721832,10.3073793,10.3073793,5.58705545,785,0,0.183
90764.613010,-5.70842462,-1.53729227,10.3079035,10.3079035,5.64272484,785,0,0.183
90764.623039,-5.70898907,-1.53732794,10.3084278,10.3084278,5.69847091,785,0,0.183
90764.633067,-5.70922603,-1.53728651,10.3089521,10.3089521,5.75428121,785,0,0.183
90764.643096,-5.70968093,-1.5369044,10.3094764,10.3094764,5.81016556,785,0,0.183
90764.653124,-5.71004152,-1.53669249,10.3100006,10.3100006,5.86611154,785,0,0.183
90764.663153,-5.71036056,-1.5366673,10.3105249,10.3105249,5.92212903,785,0,0.183
90764.673181,-5.71086774,-1.53644466,10.3110492,10.3110492,5.97820564,785,0,0.183
90764.683210,-5.71114643,-1.53645424,10.3115735,10.3115735,6.03435136,785,0,0.183
90764.693238,-5.71155938,-1.53646033,10.3120978,10.3120978,6.0905538,785,0,0.183
90764.703267,-5.7116743,-1.53637381,10.3126221,10.3126221,6.14682299,785,0,0.183
90764.713295,-5.71203572,-1.53651083,10.3131464,10.3131464,6.20314657,785,0,0.183
90764.723324,-5.71211934,-1.53665737,10.3136708,10.3136708,6.25953462,785,0,0.183
90764.733352,-5.71246099,-1.53674276,10.3141951,10.3141951,6.3159748,785,0,0.183
90764.743381,-5.7127844,-1.5367331,10.3147195,10.3147195,6.3724773,785,0,0.183
90764.753409,-5.71305832,-1.53656835,10.3152438,10.3152438,6.42902977,785,0,0.183
90764.763438,-5.71335565,-1.53639669,10.3157682,10.3157682,6.48564246,785,0,0.183
90764.773466,-5.71363997,-1.53601252,10.3162925,10.3162925,6.54230304,785,0,0.183
90764.783495,-5.71419134,-1.53569224,10.3168169,10.3168169,6.59902182,785,0,0.183
90764.793523,-5.71448002,-1.53548711,10.3173412,10.3173412,6.65578653,785,0,0.183
90764.803552,-5.71486694,-1.53540828,10.3178656,10.3178656,6.71260752,785,0,0.183
90764.813580,-5.71509322,-1.535513,10.31839,10.31839,6.76947253,785,0,0.183
90764.823609,-5.71540467,-1.53575156,10.3189144,10.3189144,6.82639198,785,0,0.183
90764.833637,-5.71563939,-1.53596972,10.3194388,10.3194388,6.88335364,785,0,0.183
90764.843666,-5.71589017,-1.5360699,10.3199632,10.3199632,6.94036796,785,0,0.183
90764.853694,-5.71626895,-1.53618858,10.3204876,10.3204876,6.99742273,785,0,0.183
90764.863723,-5.71646022,-1.5361609,10.321012,10.321012,7.05452846,785,0,0.183
90764.873751,-5.71677617,-1.53605738,10.3215364,10.3215364,7.11167294,785,0,0.183
90764.883780,-5.7168639,-1.53594606,10.3220609,10.3220609,7.16886671,785,0,0.183
90764.893808,-5.71730292,-1.53558435,10.3225853,10.3225853,7.22609755,785,0,0.183
90764.903837,-5.71761899,-1.53525618,10.3231098,10.3231098,7.28337609,785,0,0.183
90764.913865,-5.71795845,-1.53503035,10.3236342,10.3236342,7.34069012,785,0,0.183
90764.923894,-5.71832177,-1.53502004,10.3241587,10.3241587,7.39805033,785,0,0.183
90764.933922,-5.71854575,-1.53490825,10.3246831,10.3246831,7.45544454,785,0,0.183
90764.943951,-5.71899078,-1.53493916,10.3252076,10.3252076,7.51288347,785,0,0.183
90764.953979,-5.71926992,-1.53488717,10.3257321,10.3257321,7.57035497,785,0,0.183
90764.964008,-5.71972201,-1.53509058,10.3262566,10.3262566,7.62786983,785,0,0.183
90764.974036,-5.72000779,-1.5351295,10.326781,10.326781,7.68541591,785,0,0.183
90764.984065,-5.72043121,-1.53525538,10.3273055,10.3273055,7.74300403,785,0,0.183
90764.994093,-5.72069134,-1.53508646,10.32783,10.32783,7.80062206,785,0,0.183
90765.004122,-5.72092465,-1.53499184,10.3283546,10.3283546,7.85828083,785,0,0.183
90765.014150,-5.72145211,-1.53497558,10.328879,10.328879,7.91596822,785,0,0.183
90765.024179,-5.72166021,-1.53494665,10.3294036,10.3294036,7.97369513,785,0,0.183
90765.034207,-5.72213618,-1.53480221,10.3299281,10.3299281,8.03144945,785,0,0.183
90765.044236,-5.72240297,-1.53471431,10.3304527,10.3304527,8.08924211,785,0,0.183
90765.054264,-5.72289087,-1.53451275,10.3309772,10.3309772,8.147061,785,0,0.183
90765.064293,-5.72313108,-1.53443419,10.3315018,10.3315018,8.20491709,785,0,0.183
90765.074321,-5.72348118,-1.53438271,10.3320263,10.3320263,8.26279828,785,0,0.183
90765.084350,-5.72401568,-1.53431039,10.3325509,10.3325509,8.32071558,785,0,0.183
90765.094378,-5.72431405,-1.53437624,10.3330754,10.3330754,8.37865693,785,0,0.183
90765.104407,-5.72482944,-1.53428418,10.3336,10.3336,8.43663338,785,0,0.183
90765.114435,-5.72508007,-1.53415863,10.3341246,10.3341246,8.49463285,785,0,0.183
90765.124464,-5.72548864,-1.53412078,10.3346492,10.3346492,8.5526664,785,0,0.183
90765.134492,-5.72573549,-1.53392975,10.3351738,10.3351738,8.61072196,785,0,0.183
90765.144521,-5.72618815,-1.53375158,10.3356984,10.3356984,8.66881063,785,0,0.183
90765.154549,-5.72648893,-1.53361478,10.336223,10.336223,8.72692033,785,0,0.183
90765.164578,-5.72691805,-1.53363779,10.3367476,10.3367476,8.78506221,785,0,0.183
90765.174606,-5.72733656,-1.53377719,10.3372722,10.3372722,8.84322422,785,0,0.183
90765.184635,-5.72761312,-1.5340005,10.3377969,10.3377969,8.90141755,785,0,0.183
90765.194663,-5.72796136,-1.5341966,10.3383215,10.3383215,8.95963014,785,0,0.183
90765.204692,-5.72814822,-1.53413575,10.3388461,10.3388461,9.01787318,785,0,0.183
90765.214720,-5.72858501,-1.5340551,10.3393708,10.3393708,9.07613462,785,0,0.183
90765.224749,-5.72876212,-1.53400372,10.3398955,10.3398955,9.13442565,785,0,0.183
90765.234777,-5.72912991,-1.53380966,10.3404201,10.3404201,9.19273424,785,0,0.183
90765.244806,-5.72951455,-1.53373856,10.3409448,10.3409448,9.25107161,785,0,0.183
90765.254835,-5.72988621,-1.53381231,10.3414695,10.3414695,9.30943158,785,0,0.183
90765.264863,-5.73030503,-1.53385138,10.3419941,10.3419941,9.36780794,785,0,0.183
90765.274892,-5.73055759,-1.5338902,10.3425189,10.3425189,9.42621199,785,0,0.183
90765.284920,-5.73093546,-1.53378782,10.3430435,10.3430435,9.48463169,785,0,0.183
90765.294949,-5.73104027,-1.53386807,10.3435683,10.3435683,9.54307833,785,0,0.183
90765.304977,-5.73138339,-1.53394002,10.3440929,10.3440929,9.60153987,785,0,0.183
90765.315006,-5.73162734,-1.53395036,10.3446177,10.3446177,9.66002763,785,0,0.183
90765.325034,-5.73197767,-1.53397783,10.3451424,10.3451424,9.7185296,785,0,0.183
90765.335063,-5.73238585,-1.53395588,10.3456671,10.3456671,9.77705713,785,0,0.183
90765.345091,-5.73284151,-1.53393902,10.3461918,10.3461918,9.83559824,785,0,0.183
90765.355120,-5.73330297,-1.53384812,10.3467166,10.3467166,9.8941643,785,0,0.183
90765.365147,-5.7335584,-1.5337855,10.3472413,10.3472413,9.95273749,785,0,0.183
90765.375176,-5.73390097,-1.53366545,10.3477661,10.3477661,10.0113409,785,0,0.183
90765.385204,-5.73418061,-1.53382534,10.3482908,10.3482908,10.0699566,785,0,0.183
90765.395233,-5.73468386,-1.53384193,10.3488156,10.3488156,10.128596,785,0,0.183
90765.405261,-5.73502906,-1.53376689,10.3493403,10.3493403,10.1872473,785,0,0.183
90765.415290,-5.73536706,-1.53381209,10.3498651,10.3498651,10.2459217,785,0,0.183
90765.425318,-5.73583002,-1.53376975,10.3503899,10.3503899,10.3046074,785,0,0.183
90765.435347,-5.73592382,-1.53372311,10.3509147,10.3509147,10.3633157,785,0,0.183
90765.445375,-5.73630484,-1.53365692,10.3514395,10.3514395,10.4220347,785,0,0.183
90765.455404,-5.73655891,-1.53353625,10.3519643,10.3519643,10.4807758,785,0,0.183
90765.465432,-5.73699062,-1.53359423,10.3524891,10.3524891,10.539527,785,0,0.183
90765.475461,-5.73716016,-1.53361387,10.353014,10.353014,10.5982999,785,0,0.183
90765.485489,-5.73746633,-1.53356236,10.3535388,10.3535388,10.6570823,785,0,0.183
90765.495518,-5.73788058,-1.53346852,10.3540636,10.3540636,10.7158858,785,0,0.183
90765.505546,-5.73818725,-1.53343744,10.3545884,10.3545884,10.7746985,785,0,0.183
90765.515575,-5.73856301,-1.53331706,10.3551133,10.3551133,10.8335318,785,0,0.183
90765.525603,-5.73882044,-1.53334158,10.3556382,10.3556382,10.8923737,785,0,0.183
90765.535632,-5.73917546,-1.53338236,10.356163,10.356163,10.9512358,785,0,0.183
90765.545660,-5.73948376,-1.53327477,10.3566879,10.3566879,11.0101062,785,0,0.183
90765.555689,-5.73994962,-1.53345501,10.3572128,10.3572128,11.0689963,785,0,0.183
90765.565717,-5.74023301,-1.53357262,10.3577376,10.3577376,11.1278942,785,0,0.183
90765.575746,-5.74061762,-1.53350851,10.3582626,10.3582626,11.1868115,785,0,0.183
90765.585774,-5.74092286,-1.53349143,10.3587874,10.3587874,11.2457361,785,0,0.183
90765.595803,-5.74120909,-1.53346369,10.3593123,10.3593123,11.3046798,785,0,0.183
90765.605831,-5.74159981,-1.53345847,10.3598372,10.3598372,11.3636304,785,0,0.183
90765.615860,-5.74182298,-1.53328658,10.3603622,10.3603622,11.4225996,785,0,0.183
90765.625888,-5.74230184,-1.53305017,10.3608871,10.3608871,11.4815754,785,0,0.183
90765.635917,-5.74262721,-1.53292233,10.361412,10.361412,11.5405694,785,0,0.183
90765.645945,-5.74293473,-1.53272691,10.3619369,10.3619369,11.5995697,785,0,0.183
90765.655974,-5.74326709,-1.53264453,10.3624619,10.3624619,11.6585877,785,0,0.183
90765.666002,-5.74350884,-1.53277699,10.3629868,10.3629868,11.7176117,785,0,0.183
90765.676031,-5.74381927,-1.53269225,10.3635118,10.3635118,11.7766531,785,0,0.183
90765.686059,-5.74403854,-1.53263298,10.3640367,10.3640367,11.8357,785,0,0.183
90765.696088,-5.74442633,-1.53271124,10.3645617,10.3645617,11.8947641,785,0,0.183
90765.706116,-5.74464739,-1.53281429,10.3650867,10.3650867,11.9538333,785,0,0.183
90765.716145,-5.74500112,-1.53295386,10.3656117,10.3656117,12.0129194,785,0,0.183
90765.726173,-5.7453881,-1.53290015,10.3661366,10.3661366,12.0720103,785,0,0.183
90765.736202,-5.74566933,-1.53298599,10.3666616,10.3666616,12.1311178,785,0,0.183
90765.746230,-5.74612479,-1.53301106,10.3671866,10.3671866,12.1902299,785,0,0.183
90765.756259,-5.74645231,-1.53296928,10.3677117,10.3677117,12.2493582,785,0,0.183
90765.766287,-5.74679561,-1.53290755,10.3682366,10.3682366,12.3084908,785,0,0.183
90765.776316,-5.74700429,-1.53290378,10.3687617,10.3687617,12.3676394,785,0,0.183
90765.786344,-5.74760307,-1.53281362,10.3692867,10.3692867,12.4267921,785,0,0.183
90765.796373,-5.74794241,-1.53276113,10.3698117,10.3698117,12.4859605,785,0,0.183
90765.806401,-5.74846585,-1.53255475,10.3703368,10.3703368,12.5451327,785,0,0.183
90765.816430,-5.74864431,-1.53245809,10.3708618,10.3708618,12.6043205,785,0,0.183
90765.826458,-5.74895514,-1.53246029,10.3713869,10.3713869,12.6635117,785,0,0.183
90765.836487,-5.74945589,-1.53227478,10.3719119,10.3719119,12.7227182,785,0,0.183
90765.846515,-5.74963272,-1.53231362,10.372437,10.372437,12.781928,785,0,0.183
90765.856544,-5.74996909,-1.53220891,10.3729621,10.3729621,12.8411527,785,0,0.183
90765.866572,-5.75022456,-1.53215118,10.3734871,10.3734871,12.9003806,785,0,0.183
90765.876601,-5.75052452,-1.53212803,10.3740123,10.3740123,12.9596231,785,0,0.183
90765.886630,-5.75067199,-1.53203193,10.3745374,10.3745374,13.0188743,785,0,0.183
90765.896658,-5.7510463,-1.53197774,10.3750624,10.3750624,13.0781282,785,0,0.183
90765.906687,-5.75144729,-1.53197387,10.3755876,10.3755876,13.1373965,785,0,0.183
90765.916715,-5.75174263,-1.53189464,10.3761127,10.3761127,13.1966672,785,0,0.183
90765.926744,-5.75214919,-1.53184965,10.3766378,10.3766378,13.2559521,785,0,0.183
90765.936772,-5.75239173,-1.53185799,10.3771629,10.3771629,13.3152392,785,0,0.183
90765.946801,-5.75303218,-1.53184565,10.3776881,10.3776881,13.3745404,785,0,0.183
90765.956829,-5.75317302,-1.53186569,10.3782132,10.3782132,13.4338436,785,0,0.183
90765.966858,-5.75353481,-1.53172808,10.3787384,10.3787384,13.4931606,785,0,0.183
90765.976886,-5.75380298,-1.53151544,10.3792635,10.3792635,13.5524795,785,0,0.183
90765.986915,-5.75422546,-1.53153476,10.3797887,10.3797887,13.611812,785,0,0.183
90765.996943,-5.75456394,-1.53135126,10.3803138,10.3803138,13.6711462,785,0,0.183
90766.006972,-5.75481713,-1.5312944,10.380839,10.380839,13.7304939,785,0,0.183
90766.017000,-5.75511505,-1.53124711,10.3813642,10.3813642,13.789843,785,0,0.183
90766.027029,-5.75532685,-1.53122487,10.3818894,10.3818894,13.8492054,785,0,0.183
90766.037057,-5.755827,-1.53112099,10.3824145,10.3824145,13.9085691,785,0,0.183
90766.047086,-5.75601387,-1.53098059,10.3829398,10.3829398,13.9679458,785,0,0.183
90766.057114,-5.75658176,-1.53079904,10.3834649,10.3834649,14.0273237,785,0,0.183
90766.067143,-5.75691767,-1.53061074,10.3839902,10.3839902,14.0867146,785,0,0.183
90766.077171,-5.75734947,-1.53062405,10.3845154,10.3845154,14.1461064,785,0,0.183
90766.087200,-5.75780392,-1.53069042,10.3850406,10.3850406,14.2055111,785,0,0.183
90766.097228,-5.75805455,-1.53062258,10.3855658,10.3855658,14.2649167,785,0,0.183
90766.107257,-5.75842146,-1.53053259,10.3860911,10.3860911,14.3243349,785,0,0.183
90766.117285,-5.7586393,-1.53045562,10.3866163,10.3866163,14.3837539,785,0,0.183
90766.127314,-5.75914701,-1.53034862,10.3871416,10.3871416,14.4431854,785,0,0.183
90766.137342,-5.75931686,-1.53018511,10.3876668,10.3876668,14.5026175,785,0,0.183
90766.147371,-5.75963422,-1.53013389,10.3881921,10.3881921,14.562062,785,0,0.183
90766.157399,-5.75995507,-1.53009487,10.3887174,10.3887174,14.621507,785,0,0.183
90766.167428,-5.76020372,-1.52999541,10.3892427,10.3892427,14.6809641,785,0,0.183
90766.177456,-5.76058877,-1.53000421,10.3897679,10.3897679,14.7404216,785,0,0.183
90766.187485,-5.76082119,-1.52995665,10.3902932,10.3902932,14.7998911,785,0,0.183
90766.197513,-5.76125591,-1.52974211,10.3908185,10.3908185,14.8593608,785,0,0.183
90766.207542,-5.76146762,-1.52973157,10.3913438,10.3913438,14.9188425,785,0,0.183
90766.217570,-5.76191569,-1.52974409,10.3918691,10.3918691,14.9783242,785,0,0.183
90766.227599,-5.76220314,-1.52980715,10.3923945,10.3923945,15.0378178,785,0,0.183
